0000000
0000000
0000000
0110011
0100000
0000000
0000011
0100000
0000000
0001000
0000100
0000010
0000001
0000000
1000000
0100000
0000000
0111101
0110100
0000000
0000000
0000100
0000000
1101001
0000000
0000000
0001100
1110000
0000111
1111110
0111000
0000100
0000001
0000000
1100000
0100000
0001111
1111111
1111110
0001011
0101101
0000001
1110010
0010010
0011001
1000000
0100000
0100001
0000000
0011010
0000000
1000000
1011100
1000101
1100010
0100000
0011001
1011001
1000000
0111111
1000000
0000000
0000000
0100001
0100000
0001000
0001100
0010110
0101000
0001010
0000000
1000111
1100011
1111101
1110011
0110000
1100010
1001010
1111111
1000101
0010110
0000100
0000011
1010101
1101000
0011010
0110011
1011001
1110000
1001100
1100101
0000011
1101000
0011110
0001011
1100111
0110010
0111110
0001111
0110110
1101101
0011110
0101010
1101011
1011011
1111110
0000101
1010010
1100100
0101100
